Diffusivity: 3e-3 mm^2/s

Two PGSE sequences: [\delta=8ms,\Delta=19ms] and [\delta=8ms,\Delta=49ms] 

45 g-values, from 31mT/m to 290 mT/m:

[31.      35.625   40.25    44.875   
 49.5     54.125   58.75    63.375
 68.      72.625   77.25    81.875   
 86.5     91.125   95.75   100.375
 105.     109.625  114.25   118.875  
 123.5    128.125  132.75   137.375
 142.     146.625  151.25   155.875  
 160.5    165.125  169.75   174.375
 179.     188.25   197.5    206.75   
 216.     225.25   234.5    243.75
 253.     262.25   271.5    280.75   
 290.]

Corresponding b-values. For first sequence:

[7.18948601e+01 9.49476459e+01 1.21201006e+02 1.50654941e+02
 1.83309450e+02 2.19164533e+02 2.58220191e+02 3.00476423e+02
 3.45933229e+02 3.94590610e+02 4.46448565e+02 5.01507095e+02
 5.59766199e+02 6.21225877e+02 6.85886130e+02 7.53746957e+02
 8.24808359e+02 8.99070335e+02 9.76532885e+02 1.05719601e+03
 1.14105971e+03 1.22812398e+03 1.31838883e+03 1.41185425e+03
 1.50852025e+03 1.60838682e+03 1.71145397e+03 1.81772169e+03
 1.92718998e+03 2.03985885e+03 2.15572829e+03 2.27479831e+03
 2.39706890e+03 2.65121181e+03 2.91815701e+03 3.19790451e+03
 3.49045431e+03 3.79580641e+03 4.11396080e+03 4.44491749e+03
 4.78867648e+03 5.14523777e+03 5.51460136e+03 5.89676724e+03
 6.29173542e+03]

For second sequence:

[2.03946644e+02 2.69341281e+02 3.43815099e+02 4.27368097e+02
 5.20000275e+02 6.21711634e+02 7.32502173e+02 8.52371893e+02
 9.81320793e+02 1.11934887e+03 1.26645613e+03 1.42264258e+03
 1.58790820e+03 1.76225300e+03 1.94567698e+03 2.13818014e+03
 2.33976249e+03 2.55042401e+03 2.77016471e+03 2.99898460e+03
 3.23688366e+03 3.48386191e+03 3.73991933e+03 4.00505594e+03
 4.27927173e+03 4.56256669e+03 4.85494084e+03 5.15639417e+03
 5.46692668e+03 5.78653837e+03 6.11522923e+03 6.45299928e+03
 6.79984851e+03 7.52078451e+03 8.27803724e+03 9.07160668e+03
 9.90149284e+03 1.07676957e+04 1.16702153e+04 1.26090517e+04
 1.35842047e+04 1.45956745e+04 1.56434610e+04 1.67275642e+04
 1.78479841e+04]